100 1762
1 6 63
1 11 28
1 12 18
1 17 91
1 18 19
1 24 13
1 29 62
1 31 34
1 33 2
1 37 43
1 42 29
1 45 58
1 49 63
1 52 38
1 54 43
1 55 27
1 56 71
1 57 37
1 60 50
1 62 31
1 76 88
1 78 36
1 79 31
1 81 54
1 82 36
1 84 85
1 90 81
2 8 82
2 9 78
2 14 74
2 21 3
2 29 55
2 40 60
2 42 13
2 48 22
2 54 33
2 56 57
2 61 66
2 67 89
2 73 36
2 78 37
2 80 82
2 87 25
2 94 54
2 97 54
3 6 63
3 7 78
3 10 42
3 16 82
3 27 79
3 31 84
3 46 84
3 56 41
3 58 6
3 59 84
3 60 92
3 64 23
3 67 38
3 82 38
3 85 17
3 93 94
4 2 62
4 10 55
4 16 49
4 27 67
4 30 75
4 37 100
4 45 58
4 48 51
4 59 20
4 61 63
4 63 52
4 65 64
4 67 64
4 69 79
4 76 19
4 78 20
4 80 38
4 84 6
4 97 49
4 98 65
4 100 12
5 1 98
5 2 10
5 7 77
5 11 76
5 17 73
5 21 34
5 37 78
5 52 80
5 56 84
5 60 15
5 62 90
5 71 25
5 85 86
5 86 74
5 90 90
5 91 54
5 92 40
5 96 55
6 12 42
6 27 19
6 36 30
6 52 82
6 55 11
6 57 75
6 65 32
6 73 3
6 80 54
6 82 55
6 89 8
7 8 78
7 19 19
7 34 78
7 39 98
7 41 98
7 51 75
7 59 11
7 64 44
7 66 32
7 72 18
7 73 67
7 75 14
7 77 52
7 82 81
7 89 60
7 91 86
7 98 89
7 99 41
7 100 84
8 6 7
8 15 9
8 27 37
8 41 41
8 49 50
8 54 91
8 67 97
8 73 86
8 74 95
8 76 59
8 77 33
8 94 51
8 95 29
8 99 14
8 100 11
9 4 59
9 8 6
9 14 45
9 20 50
9 27 10
9 30 93
9 34 59
9 47 97
9 52 29
9 59 37
9 60 70
9 64 78
9 66 82
9 79 66
9 86 46
9 88 85
9 93 40
9 99 22
10 2 65
10 7 82
10 14 10
10 17 73
10 24 76
10 26 14
10 28 77
10 30 59
10 34 84
10 36 95
10 38 41
10 42 52
10 61 70
10 66 81
10 92 69
10 95 16
10 100 18
11 2 94
11 13 22
11 16 14
11 19 6
11 25 12
11 31 46
11 36 51
11 39 37
11 40 61
11 42 74
11 43 34
11 50 7
11 55 90
11 58 67
11 64 43
11 66 87
11 67 88
11 73 7
11 74 20
11 80 52
11 81 56
11 85 6
11 94 55
11 97 22
11 100 15
12 2 81
12 3 78
12 15 68
12 16 41
12 22 20
12 23 50
12 27 53
12 31 21
12 34 3
12 36 31
12 41 58
12 44 91
12 56 42
12 60 2
12 68 60
12 70 17
12 71 91
12 77 18
12 80 45
12 86 61
12 96 19
12 99 8
13 5 6
13 6 89
13 10 11
13 14 23
13 21 59
13 24 20
13 26 23
13 27 5
13 34 21
13 38 8
13 39 11
13 40 44
13 45 46
13 46 58
13 49 47
13 58 25
13 65 99
13 73 80
13 76 59
13 96 96
13 97 61
13 100 52
14 4 13
14 16 81
14 23 90
14 46 18
14 48 99
14 51 1
14 58 1
14 62 79
14 69 88
14 74 28
14 75 52
14 79 85
14 92 9
14 95 48
14 96 3
14 97 79
15 5 7
15 17 60
15 24 37
15 25 15
15 31 97
15 36 42
15 41 56
15 55 51
15 60 93
15 61 18
15 68 18
15 69 46
15 77 43
15 78 89
15 81 40
15 87 40
15 94 77
15 95 14
15 97 83
15 98 66
16 19 90
16 24 71
16 26 22
16 29 53
16 30 85
16 36 18
16 40 7
16 43 52
16 46 59
16 51 63
16 52 83
16 58 47
16 61 19
16 67 53
16 68 12
16 80 72
16 85 90
16 86 63
16 89 45
16 95 40
16 99 46
16 100 44
17 6 55
17 25 61
17 44 30
17 49 60
17 50 80
17 53 40
17 57 88
17 66 99
17 82 1
17 85 78
17 91 80
17 94 23
18 8 45
18 13 67
18 25 85
18 29 65
18 31 14
18 34 58
18 38 44
18 44 65
18 55 52
18 69 20
18 70 88
18 74 81
18 86 25
18 91 25
18 94 70
18 95 75
18 98 85
18 99 28
18 100 57
19 4 41
19 5 94
19 15 29
19 18 55
19 22 88
19 26 46
19 39 27
19 47 73
19 49 27
19 52 83
19 53 40
19 55 69
19 58 94
19 59 97
19 69 66
19 75 58
19 80 44
19 82 34
19 87 73
19 90 62
19 97 86
20 14 70
20 17 71
20 21 3
20 27 54
20 30 14
20 31 10
20 32 17
20 35 29
20 38 91
20 44 90
20 50 26
20 56 86
20 70 71
20 75 69
20 79 60
20 93 84
20 97 18
20 99 8
21 4 29
21 8 63
21 15 7
21 31 53
21 33 32
21 34 37
21 41 46
21 49 33
21 50 4
21 56 17
21 57 88
21 60 100
21 69 50
21 72 68
21 73 14
21 76 2
21 89 32
21 93 9
21 98 81
21 99 38
22 1 19
22 6 83
22 13 51
22 25 49
22 27 52
22 28 39
22 29 31
22 34 22
22 35 18
22 36 67
22 37 100
22 38 83
22 45 7
22 52 14
22 59 35
22 63 22
22 67 95
22 71 56
22 76 69
22 85 85
22 87 65
22 89 81
22 94 5
22 96 11
23 8 43
23 16 34
23 17 92
23 19 58
23 22 54
23 26 99
23 37 69
23 41 2
23 52 96
23 59 52
23 61 94
23 65 8
23 67 19
23 68 17
23 70 22
23 72 61
23 80 100
23 86 18
23 93 97
24 4 68
24 12 62
24 14 55
24 17 10
24 21 41
24 29 15
24 31 35
24 32 39
24 36 41
24 38 45
24 40 5
24 44 1
24 46 10
24 52 4
24 53 65
24 56 46
24 72 85
24 76 62
24 80 86
24 84 42
24 86 99
24 88 55
24 98 76
25 2 44
25 8 23
25 9 91
25 10 15
25 19 46
25 20 32
25 23 64
25 29 26
25 37 21
25 38 59
25 41 37
25 52 57
25 54 54
25 61 3
25 62 66
25 64 13
25 65 31
25 71 51
25 73 79
25 74 26
25 79 29
25 84 39
25 93 3
25 95 85
26 1 95
26 6 87
26 14 6
26 15 41
26 30 35
26 32 76
26 36 51
26 41 84
26 43 18
26 48 25
26 55 7
26 59 17
26 60 73
26 65 98
26 66 54
26 73 52
26 75 87
26 83 49
26 86 28
26 87 26
26 89 12
26 92 17
26 93 25
26 94 74
26 95 82
26 97 51
26 100 4
27 15 88
27 25 36
27 33 48
27 43 82
27 47 42
27 54 90
27 64 25
27 65 63
27 68 20
27 69 55
27 76 55
27 81 11
27 85 32
27 86 6
27 88 12
27 91 33
27 92 49
27 96 94
27 97 21
27 98 84
28 3 87
28 6 80
28 15 100
28 17 54
28 35 93
28 38 28
28 44 67
28 45 17
28 47 84
28 48 50
28 66 80
28 69 96
28 70 25
28 81 52
28 83 64
29 12 14
29 14 58
29 20 90
29 33 22
29 36 16
29 37 86
29 49 60
29 51 22
29 61 15
29 62 100
29 66 79
29 79 4
29 80 49
29 92 65
29 93 48
29 97 54
29 98 30
30 1 41
30 25 24
30 29 43
30 31 18
30 33 53
30 39 27
30 41 17
30 43 89
30 44 52
30 50 62
30 57 90
30 70 1
30 78 93
30 79 39
30 81 48
30 84 83
31 2 9
31 6 5
31 10 87
31 25 5
31 39 35
31 48 27
31 64 22
31 67 18
31 69 18
31 73 100
31 83 94
31 85 14
31 89 17
31 91 5
31 92 32
31 96 42
31 97 90
31 98 70
32 2 89
32 5 52
32 9 48
32 19 95
32 35 64
32 47 46
32 54 35
32 68 82
32 71 26
32 72 79
32 73 10
32 80 21
32 85 71
32 88 97
32 91 85
32 93 80
33 6 2
33 8 53
33 19 1
33 32 83
33 36 94
33 38 60
33 41 41
33 46 66
33 48 83
33 49 65
33 57 11
33 61 87
33 63 45
33 64 61
33 65 57
33 66 96
33 68 24
33 69 97
33 71 46
33 79 59
33 81 41
33 84 33
33 85 44
33 86 93
33 90 34
33 92 84
33 93 13
33 96 18
34 3 61
34 5 68
34 14 18
34 15 34
34 32 47
34 45 49
34 66 20
34 68 76
34 69 57
34 89 21
34 93 34
35 8 13
35 11 75
35 17 58
35 30 99
35 37 55
35 44 29
35 58 41
35 59 44
35 60 82
35 62 85
35 69 71
35 77 68
35 78 79
35 79 70
35 83 44
35 86 19
35 87 93
35 93 3
36 7 80
36 18 95
36 20 1
36 31 82
36 40 53
36 41 43
36 43 39
36 45 43
36 64 65
36 66 24
36 75 5
36 78 18
36 80 27
36 86 17
36 88 67
36 90 29
36 91 73
36 93 37
37 10 13
37 21 16
37 28 64
37 40 36
37 45 73
37 62 20
37 63 57
37 65 42
37 71 21
37 74 58
37 75 83
37 80 47
37 81 22
37 94 33
37 96 96
38 4 77
38 8 45
38 39 32
38 40 9
38 44 92
38 45 13
38 48 76
38 49 7
38 53 8
38 54 10
38 57 25
38 59 97
38 61 38
38 62 95
38 63 12
38 66 1
38 69 29
38 70 39
38 72 53
38 80 20
38 84 52
38 89 60
38 93 59
38 94 9
39 1 23
39 3 14
39 17 26
39 18 46
39 20 32
39 23 66
39 29 26
39 44 93
39 50 64
39 57 81
39 61 30
39 63 52
39 66 94
39 68 15
39 76 80
39 78 54
39 84 28
39 90 35
39 95 48
40 12 33
40 19 86
40 21 56
40 26 39
40 29 55
40 30 46
40 44 75
40 57 17
40 63 40
40 71 23
40 79 38
40 80 4
40 81 7
40 84 48
40 90 78
40 95 32
40 98 77
41 6 41
41 9 32
41 11 14
41 14 79
41 16 37
41 27 91
41 31 44
41 57 69
41 60 3
41 61 16
41 69 38
41 73 11
41 90 88
41 97 33
41 99 48
41 100 41
42 3 79
42 4 100
42 16 72
42 18 93
42 24 81
42 26 27
42 29 38
42 31 67
42 34 73
42 38 85
42 43 91
42 45 35
42 49 40
42 57 14
42 58 26
42 59 87
42 66 86
42 68 95
42 71 39
42 75 58
42 80 100
42 81 77
42 94 59
43 1 7
43 14 65
43 31 1
43 45 5
43 56 8
43 64 85
43 65 37
43 69 44
43 74 31
43 76 91
43 81 26
43 83 32
43 85 41
43 88 64
43 89 64
44 6 43
44 7 22
44 10 21
44 11 20
44 16 24
44 27 98
44 32 2
44 41 87
44 49 33
44 52 24
44 53 18
44 54 15
44 56 75
44 57 81
44 86 59
44 87 55
44 88 91
44 96 13
45 8 77
45 19 80
45 23 50
45 33 97
45 40 4
45 41 90
45 55 50
45 58 71
45 62 85
45 68 51
45 74 34
45 76 31
45 80 98
45 85 38
45 98 76
46 5 37
46 10 48
46 18 72
46 19 81
46 22 72
46 28 62
46 30 30
46 36 33
46 37 45
46 48 76
46 49 52
46 50 92
46 53 25
46 56 52
46 64 89
46 81 36
46 84 14
46 88 30
46 89 75
46 91 7
46 92 85
47 6 9
47 18 7
47 22 71
47 44 28
47 45 52
47 53 70
47 54 15
47 56 45
47 57 36
47 65 41
47 71 81
47 72 3
47 80 49
47 91 81
47 93 97
47 94 5
47 96 75
48 6 31
48 9 34
48 13 68
48 29 54
48 32 25
48 34 5
48 35 90
48 39 95
48 40 18
48 44 62
48 47 96
48 51 30
48 54 65
48 59 56
48 73 21
48 80 47
48 83 61
48 88 35
48 95 21
49 6 76
49 12 31
49 20 38
49 37 3
49 48 52
49 55 30
49 61 22
49 64 67
49 66 28
49 67 52
49 71 8
49 75 75
49 86 23
49 91 69
49 92 7
49 96 99
50 2 43
50 7 15
50 15 33
50 22 95
50 24 9
50 27 91
50 38 5
50 47 57
50 48 41
50 49 25
50 51 86
50 55 53
50 57 70
50 61 27
50 64 47
50 78 89
50 87 46
50 88 20
50 98 92
50 100 76
51 1 5
51 2 32
51 23 27
51 34 6
51 44 56
51 46 27
51 47 72
51 52 61
51 56 59
51 62 99
51 66 87
51 72 38
51 74 1
51 75 9
51 79 47
51 93 27
51 94 18
51 95 37
51 99 75
51 100 59
52 2 62
52 28 27
52 34 7
52 45 85
52 49 43
52 55 7
52 61 34
52 63 20
52 67 84
52 69 87
52 71 66
52 73 32
52 82 33
52 83 20
52 91 4
52 92 35
52 93 94
53 13 77
53 16 16
53 32 43
53 39 85
53 45 12
53 49 98
53 56 73
53 59 14
53 63 41
53 65 80
53 78 37
53 91 71
54 13 81
54 30 82
54 42 26
54 60 89
54 64 86
54 74 8
54 81 73
54 83 50
54 85 5
54 86 28
54 88 23
54 94 99
54 96 61
55 3 70
55 7 87
55 25 76
55 28 81
55 30 100
55 35 69
55 48 63
55 73 55
55 88 90
55 94 64
56 8 70
56 26 59
56 31 8
56 33 44
56 36 47
56 40 37
56 55 5
56 58 45
56 62 61
56 63 79
56 68 69
56 70 69
56 73 52
56 75 7
56 82 76
56 84 84
56 85 79
56 90 87
56 96 95
57 3 92
57 11 27
57 29 49
57 34 48
57 35 78
57 48 100
57 52 76
57 54 45
57 56 20
57 65 46
57 67 45
57 69 91
57 70 94
57 74 53
57 78 71
57 79 32
57 84 40
57 86 60
57 88 76
57 90 70
57 99 36
58 5 84
58 7 20
58 9 10
58 12 88
58 21 46
58 29 75
58 30 12
58 31 78
58 32 60
58 37 62
58 39 93
58 46 98
58 55 2
58 60 58
58 64 95
58 65 41
58 75 1
58 79 28
58 84 3
58 91 98
58 98 14
58 100 92
59 11 68
59 15 73
59 21 22
59 33 24
59 34 3
59 50 58
59 60 55
59 65 77
59 70 1
59 76 36
59 90 93
59 92 51
59 100 12
60 2 71
60 8 24
60 28 64
60 34 32
60 40 80
60 42 14
60 45 23
60 48 79
60 50 91
60 55 70
60 63 82
60 66 88
60 69 42
60 75 98
60 77 79
60 80 69
60 89 39
60 96 4
61 11 79
61 17 78
61 20 87
61 21 94
61 44 70
61 48 2
61 59 20
61 65 90
61 67 61
61 73 39
61 74 33
61 78 38
61 90 57
61 94 57
61 100 97
62 8 55
62 10 13
62 15 60
62 18 84
62 19 61
62 23 29
62 27 31
62 30 30
62 42 50
62 58 17
62 63 38
62 69 63
62 73 14
62 78 23
62 84 98
62 94 17
62 96 1
62 97 93
62 99 80
63 3 63
63 6 77
63 8 31
63 16 62
63 28 29
63 49 67
63 54 7
63 57 23
63 61 33
63 79 57
63 83 95
63 85 13
63 91 32
63 92 44
63 94 43
63 97 2
64 12 29
64 14 6
64 15 86
64 17 63
64 22 27
64 24 50
64 30 94
64 42 69
64 51 96
64 60 5
64 67 43
64 73 80
64 75 45
64 81 73
64 86 14
65 5 18
65 9 100
65 11 94
65 14 42
65 15 28
65 44 17
65 48 6
65 51 19
65 52 50
65 55 78
65 63 42
65 64 29
65 74 65
65 80 1
65 82 15
65 91 53
65 94 12
65 98 42
66 24 76
66 25 59
66 27 89
66 30 23
66 44 7
66 46 67
66 58 89
66 62 41
66 63 91
66 68 93
66 76 29
66 78 38
66 83 54
66 93 56
66 95 44
67 10 15
67 25 94
67 26 66
67 27 2
67 32 57
67 35 78
67 37 77
67 43 19
67 47 5
67 60 72
67 69 70
67 77 32
67 79 87
67 90 56
67 94 36
67 96 20
68 3 47
68 4 60
68 10 50
68 13 77
68 17 33
68 18 76
68 24 98
68 25 96
68 26 52
68 30 11
68 40 27
68 41 37
68 46 87
68 47 40
68 53 94
68 61 90
68 83 51
68 85 14
69 11 60
69 17 70
69 30 76
69 36 22
69 61 32
69 66 47
69 76 40
69 80 38
69 95 62
69 100 40
70 1 61
70 4 40
70 14 60
70 16 23
70 21 88
70 47 86
70 51 3
70 54 15
70 60 71
70 92 67
70 94 62
71 2 24
71 15 89
71 17 6
71 19 84
71 29 41
71 41 12
71 45 46
71 51 89
71 53 75
71 59 98
71 61 92
71 62 20
71 64 66
71 65 88
71 68 22
71 80 54
71 81 91
71 86 61
71 87 5
71 92 98
71 94 68
72 4 25
72 11 78
72 19 96
72 20 45
72 28 12
72 29 29
72 30 60
72 34 48
72 41 86
72 48 17
72 52 1
72 53 32
72 54 75
72 59 14
72 92 88
72 100 27
73 9 17
73 14 79
73 17 6
73 23 49
73 30 70
73 51 86
73 68 51
73 69 25
73 83 67
73 87 51
73 94 77
74 2 82
74 3 75
74 5 70
74 22 45
74 27 77
74 59 5
74 64 14
74 76 39
74 77 93
74 84 61
74 90 35
74 98 47
74 100 91
75 2 29
75 3 31
75 6 22
75 9 96
75 17 49
75 27 90
75 34 63
75 35 11
75 45 3
75 47 1
75 54 32
75 63 45
75 65 73
75 69 99
75 70 1
75 71 50
75 97 48
75 99 32
76 3 25
76 12 45
76 15 40
76 19 84
76 23 45
76 25 29
76 29 47
76 30 66
76 32 10
76 34 47
76 36 54
76 41 34
76 46 84
76 49 62
76 51 82
76 61 77
76 78 19
76 80 37
76 84 8
76 96 67
76 97 59
77 3 94
77 5 87
77 6 98
77 17 51
77 18 52
77 20 41
77 25 22
77 28 95
77 31 82
77 32 52
77 36 67
77 37 57
77 38 14
77 44 85
77 50 62
77 58 67
77 61 83
77 62 57
77 65 53
77 70 35
77 72 13
77 75 36
77 82 61
77 84 68
77 88 36
77 97 23
77 98 52
78 3 12
78 16 16
78 24 22
78 29 53
78 34 53
78 45 99
78 56 31
78 58 43
78 64 99
78 65 36
78 71 43
78 73 94
78 79 83
78 81 1
78 83 44
78 89 1
78 95 43
78 96 51
78 99 80
79 8 21
79 22 5
79 36 68
79 48 53
79 52 85
79 55 41
79 59 77
79 60 54
79 68 85
79 70 30
79 71 96
79 73 97
79 85 88
79 86 91
79 87 49
79 98 9
80 9 58
80 10 76
80 18 17
80 22 59
80 26 27
80 41 91
80 44 6
80 46 77
80 54 45
80 62 49
80 66 37
80 70 13
80 73 27
80 75 53
80 94 1
80 98 83
81 10 31
81 13 79
81 14 12
81 17 66
81 19 92
81 22 49
81 25 1
81 34 95
81 47 5
81 49 31
81 50 29
81 58 50
81 60 44
81 67 44
81 83 80
81 85 29
81 86 10
81 89 23
81 96 82
82 13 92
82 20 100
82 24 85
82 28 52
82 45 94
82 46 95
82 51 35
82 53 16
82 59 62
82 62 57
82 63 46
82 66 65
82 84 27
82 85 71
82 86 64
82 88 61
82 93 10
82 94 31
82 97 85
83 2 59
83 8 92
83 13 100
83 16 47
83 21 78
83 23 35
83 24 28
83 33 48
83 38 38
83 40 38
83 49 64
83 53 20
83 58 32
83 67 93
83 74 19
83 76 46
83 79 26
83 84 33
83 99 94
84 3 5
84 8 97
84 12 4
84 14 42
84 20 10
84 21 26
84 41 49
84 44 3
84 47 10
84 49 87
84 50 71
84 51 31
84 68 56
84 69 57
84 70 31
84 86 34
84 97 2
84 100 7
85 2 87
85 8 72
85 12 12
85 18 9
85 36 68
85 37 79
85 38 54
85 44 92
85 61 76
85 65 70
85 70 89
85 73 1
85 76 62
85 86 74
85 87 97
85 90 61
85 91 63
85 96 47
85 97 56
85 98 38
86 2 78
86 10 84
86 17 68
86 21 32
86 25 43
86 28 80
86 37 94
86 40 12
86 47 96
86 48 42
86 52 53
86 68 4
86 69 99
86 74 84
86 78 76
86 89 98
86 95 88
87 7 33
87 12 49
87 14 48
87 21 49
87 24 24
87 25 15
87 32 1
87 39 10
87 40 23
87 51 50
87 62 29
87 63 4
87 83 71
87 92 10
88 10 3
88 15 80
88 16 98
88 21 7
88 37 44
88 39 2
88 45 62
88 61 99
88 63 70
88 81 32
88 86 72
88 87 32
88 92 39
88 95 44
88 96 53
89 9 89
89 13 81
89 25 10
89 27 18
89 28 16
89 30 32
89 32 8
89 35 44
89 40 23
89 45 61
89 49 98
89 56 42
89 59 19
89 69 12
89 71 44
89 91 83
89 93 54
89 97 61
90 11 17
90 12 53
90 16 12
90 24 65
90 25 6
90 30 64
90 31 3
90 44 84
90 49 68
90 54 49
90 68 31
90 76 28
90 77 24
90 87 69
90 93 8
90 98 75
90 100 45
91 11 42
91 16 15
91 19 18
91 35 33
91 37 100
91 42 53
91 51 59
91 55 86
91 75 6
91 77 18
91 80 93
91 86 36
91 90 33
92 4 100
92 6 85
92 22 88
92 34 6
92 38 90
92 43 53
92 53 68
92 56 9
92 57 42
92 60 10
92 65 74
92 66 57
92 67 74
92 73 14
92 74 71
92 76 83
92 80 53
92 89 27
92 90 75
92 93 14
93 2 29
93 19 85
93 28 8
93 44 95
93 45 13
93 46 100
93 50 47
93 56 23
93 59 17
93 62 8
93 71 14
93 74 39
93 76 16
93 97 53
94 3 55
94 4 9
94 6 72
94 7 6
94 16 75
94 19 98
94 24 91
94 28 69
94 44 13
94 53 17
94 60 71
94 83 72
94 85 80
94 89 44
94 92 13
95 5 39
95 6 8
95 7 40
95 9 20
95 21 36
95 23 58
95 27 36
95 47 75
95 50 44
95 55 58
95 60 40
95 71 38
95 77 53
95 80 87
95 93 30
95 97 90
95 99 13
96 1 3
96 10 75
96 15 98
96 41 95
96 46 75
96 61 45
96 64 74
96 65 5
96 70 1
96 71 64
96 73 4
96 82 71
96 87 94
97 5 11
97 7 20
97 10 5
97 25 79
97 37 54
97 38 18
97 39 81
97 46 69
97 49 4
97 61 7
97 64 70
97 65 13
97 66 17
97 67 42
97 70 23
97 87 53
98 1 99
98 10 83
98 11 31
98 25 18
98 26 95
98 35 11
98 41 54
98 54 7
98 59 10
98 60 17
98 82 3
98 84 76
98 100 97
99 11 1
99 22 15
99 23 39
99 47 54
99 52 10
99 55 7
99 87 80
99 97 70
99 98 12
100 9 83
100 15 84
100 19 10
100 24 66
100 31 100
100 36 18
100 37 35
100 38 57
100 49 66
100 63 87
100 66 25
100 75 70
100 78 62
100 96 92
